100
0.514728539 0.210647365
0.704811535 0.805248667
0.923821852 0.561333231
0.753399013 0.788679789
0.897936533 0.908302664
0.08726174 0.732344983
0.198252604 0.860301391
0.157548411 0.698238658
0.360076152 0.043104948
0.549591513 0.996613729
0.042391399 0.041704568
0.655310686 0.720224074
0.792600687 0.316187437
0.688495754 0.628083414
0.428288579 0.716994575
0.727996156 0.097596695
0.282117569 0.866608282
0.281751676 0.742565807
0.18185434 0.808040012
0.864302188 0.609777126
0.442338118 0.806197846
0.852477219 0.229746317
0.336294277 0.389341487
0.265978568 0.842986171
0.037959331 0.55748588
0.941294738 0.686569266
0.006712876 0.014565574
0.849504434 0.478103382
0.32583742 0.121047122
0.352773192 0.474583765
0.716309605 0.544707157
0.237011521 0.419023634
0.950460706 0.579148175
0.11046505 0.456618271
0.857358591 0.64704298
0.135470504 0.856558808
0.483218459 0.508150302
0.803900859 0.074934275
0.084674557 0.803264465
0.314097793 0.56890841
0.456004928 0.057924263
0.093110756 0.482953905
0.914136305 0.43639948
0.964476407 0.394930072
0.965916212 0.178132804
0.543884819 0.974619424
0.02211296 0.045943257
0.990615048 0.492367866
0.639363677 0.301503335
0.087976609 0.197307805
0.779357009 0.502002532
0.469578237 0.54937727
0.600130405 0.2975215
0.152254057 0.363082175
0.493685345 0.663533241
0.944411044 0.667643557
0.170738922 0.785322732
0.916830569 0.519355187
0.300044305 0.766800377
0.206001849 0.550246323
0.410594081 0.848461829
0.859278596 0.719983666
0.713675506 0.774322454
0.357128916 0.07195636
0.283330289 0.526412903
0.213036228 0.561814394
0.809066302 0.356188197
0.17701624 0.569359357
0.384781411 0.225960374
0.324373338 0.260955397
0.386283024 0.672602825
0.796552546 0.213261452
0.557446581 0.716728599
0.610506825 0.755879878
0.690957924 0.550219623
0.379603999 0.759715333
0.237097634 0.108558713
0.999775333 0.414423791
0.318811894 0.204040109
0.449796678 0.062780232
0.284106763 0.42183185
0.264465951 0.917523449
0.744310317 0.239942254
0.358357855 0.512028026
0.239738735 0.758368519
0.411131811 0.071891598
0.496547136 0.300513236
0.678864287 0.798010859
0.412955265 0.303961437
0.776861879 0.206346521
0.852275003 0.657893659
0.423919791 0.704615319
0.904658206 0.146523792
0.271185733 0.57993672
0.573714772 0.083978703
0.554306105 0.103281647
0.008009334 0.042126326
0.610249199 0.459873219
0.8735881 0.267943528
0.200720762 0.329584088